0b000001 0b000101 10000 100 128 1 1009 1047
0b000101 0b000001 10000 100 128 1 1009 1047
0b000201 0b000301 10000 100 128 1 1009 1047
0b000301 0b000201 10000 100 128 1 1009 1047
0b000101 0b000301 10000 100 64 1041 1006 1044
0b000001 0b000201 10000 100 64 1041 1006 1044
0b000301 0b000101 10000 100 64 1041 1006 1044
0b000201 0b000001 10000 100 64 1041 1006 1044
0b000301 0b000101 10001 100 64 2048 1006 1044
0b000201 0b000001 10001 100 64 2048 1006 1044
0b000101 0b000301 10001 100 64 2048 1006 1044
0b000001 0b000201 10001 100 64 2048 1006 1044
0b000101 0b000001 10001 100 128 3055 1009 1047
0b000001 0b000101 10001 100 128 3055 1009 1047
0b000301 0b000201 10001 100 128 3055 1009 1047
0b000201 0b000301 10001 100 128 3055 1009 1047
0b000001 0b000101 10002 100 128 4066 1009 1047
0b000101 0b000001 10002 100 128 4066 1009 1047
0b000201 0b000301 10002 100 128 4066 1009 1047
0b000301 0b000201 10002 100 128 4066 1009 1047
0b000101 0b000301 10002 100 64 5106 1006 1044
0b000001 0b000201 10002 100 64 5106 1006 1044
0b000301 0b000101 10002 100 64 5106 1006 1044
0b000201 0b000001 10002 100 64 5106 1006 1044
0b000301 0b000101 10003 100 64 6113 1006 1044
0b000201 0b000001 10003 100 64 6113 1006 1044
0b000101 0b000301 10003 100 64 6113 1006 1044
0b000001 0b000201 10003 100 64 6113 1006 1044
0b000101 0b000001 10003 100 128 7120 1009 1047
0b000001 0b000101 10003 100 128 7120 1009 1047
0b000301 0b000201 10003 100 128 7120 1009 1047
0b000201 0b000301 10003 100 128 7120 1009 1047
0b000001 0b000101 10004 100 128 8131 1009 1047
0b000101 0b000001 10004 100 128 8131 1009 1047
0b000201 0b000301 10004 100 128 8131 1009 1047
0b000301 0b000201 10004 100 128 8131 1009 1047
0b000101 0b000301 10004 100 64 9171 1006 1044
0b000001 0b000201 10004 100 64 9171 1006 1044
0b000301 0b000101 10004 100 64 9171 1006 1044
0b000201 0b000001 10004 100 64 9171 1006 1044
0b000301 0b000101 10005 100 64 10178 1006 1044
0b000201 0b000001 10005 100 64 10178 1006 1044
0b000101 0b000301 10005 100 64 10178 1006 1044
0b000001 0b000201 10005 100 64 10178 1006 1044
0b000101 0b000001 10005 100 128 11185 1009 1047
0b000001 0b000101 10005 100 128 11185 1009 1047
0b000301 0b000201 10005 100 128 11185 1009 1047
0b000201 0b000301 10005 100 128 11185 1009 1047
0b000001 0b000101 10006 100 128 12196 1009 1047
0b000101 0b000001 10006 100 128 12196 1009 1047
0b000201 0b000301 10006 100 128 12196 1009 1047
0b000301 0b000201 10006 100 128 12196 1009 1047
0b000101 0b000301 10006 100 64 13236 1006 1044
0b000001 0b000201 10006 100 64 13236 1006 1044
0b000301 0b000101 10006 100 64 13236 1006 1044
0b000201 0b000001 10006 100 64 13236 1006 1044
0b000301 0b000101 10007 100 64 14243 1006 1044
0b000201 0b000001 10007 100 64 14243 1006 1044
0b000101 0b000301 10007 100 64 14243 1006 1044
0b000001 0b000201 10007 100 64 14243 1006 1044
0b000101 0b000001 10007 100 128 15250 1009 1047
0b000001 0b000101 10007 100 128 15250 1009 1047
0b000301 0b000201 10007 100 128 15250 1009 1047
0b000201 0b000301 10007 100 128 15250 1009 1047
